"ntgk-1c.out"
"Time Step" "voltage_vp etc.."
("Time Step" "voltage_vp" "flow-time")
0 4.102899999999999 0
1 3.988731285256023 30
2 3.965586890735798 60
3 3.950200295470442 90
4 3.937727115070258 120
5 3.926581256254044 150
6 3.916216818684512 180
7 3.906423437960006 210
8 3.897102001804392 240
9 3.88819282130989 270
10 3.879652299442106 300
11 3.983720754882996 330
12 3.997473323320158 360
13 4.003877574522767 390
14 4.007679733686409 420
15 4.01042396122452 450
16 4.012631423208644 480
17 4.014494013507025 510
18 4.016095474707051 540
19 4.017482211629182 570
20 4.018686165287227 600
21 3.907419868471555 630
22 3.886665338900643 660
23 3.873420992342417 690
24 3.862930812012475 720
25 3.853644387442047 750
26 3.84503486579478 780
27 3.836905014130688 810
28 3.829166149254393 840
29 3.821767371897287 870
30 3.8146726536146 900
31 3.91851788878077 930
32 3.932317715642065 960
33 3.938833838858344 990
34 3.94275395748756 1020
35 3.945606751189007 1050
36 3.947910357983422 1080
37 3.94985706153525 1110
38 3.951531834511444 1140
39 3.952982384344667 1170
40 3.954241856376037 1200
41 3.844638466370126 1230
42 3.825214446619277 1260
43 3.813182967941166 1290
44 3.803851798629613 1320
45 3.795690304130504 1350
46 3.788178421593513 1380
47 3.781121837699983 1410
48 3.774433558894207 1440
49 3.768063920276745 1470
50 3.761977894618518 1500
51 3.865421216724074 1530
52 3.879079328587012 1560
53 3.885533441379373 1590
54 3.889417605456461 1620
55 3.892244375939394 1650
56 3.894526887347992 1680
57 3.896455706965027 1710
58 3.898115079107249 1740
59 3.899552296941364 1770
60 3.90080020952094 1800
61 3.792582461328807 1830
62 3.774262745654857 1860
63 3.7632384342904 1890
64 3.75487165536795 1920
65 3.747648261661848 1950
66 3.741053510253862 1980
67 3.734895133151975 2010
68 3.729087153915466 2040
69 3.72358059385441 2070
70 3.718340972764918 2100
71 3.821430142993138 2130
72 3.834955606031798 2160
73 3.841346654226774 2190
74 3.845191528107 2220
75 3.847988737022621 2250
76 3.850246912455159 2280
77 3.852154988255637 2310
78 3.853796460566938 2340
79 3.855218168737455 2370
80 3.856452624222531 2400
81 3.749411906278209 2430
82 3.732029991547807 2460
83 3.721859423945411 2490
84 3.714308508929259 2520
85 3.707877197960095 2550
86 3.70205536121793 2580
87 3.696652491688954 2610
88 3.691583494072229 2640
89 3.686799959450102 2670
90 3.682267848450154 2700
91 3.785064310962318 2730
92 3.798475987667442 2760
93 3.804811882850183 2790
94 3.808622412044127 2820
95 3.81139398690225 2850
96 3.813631197695455 2880
97 3.815521473403852 2910
98 3.817147606435742 2940
99 3.818556034234722 2970
100 3.819778971419065 3000
101 3.713717294257691 3030
102 3.697118792317583 3060
103 3.687659528153079 3090
104 3.680785750968938 3120
105 3.675009481244895 3150
106 3.669824704833828 3180
107 3.665042527939812 3210
108 3.660578660126355 3240
109 3.656385198254802 3270
110 3.652428477249261 3300
111 3.755001778241286 3330
112 3.768314763220257 3360
113 3.774600470286425 3390
114 3.778380256886231 3420
115 3.781129698695352 3450
116 3.78334929370152 3480
117 3.785224830868114 3510
118 3.786838356832825 3540
119 3.788235906984527 3570
120 3.789449421280603 3600
121 3.684166981082658 3630
122 3.668207257072658 3660
123 3.659325931299962 3690
124 3.65299778273902 3720
125 3.647745397158919 3750
126 3.643066881381181 3780
127 3.638775063943862 3810
128 3.63478646247132 3840
129 3.631053614090592 3870
130 3.627543121649123 3900
131 3.72999573664816 3930
132 3.743213873403135 3960
133 3.749444634656641 3990
134 3.753192276230246 4020
135 3.755920901853902 4050
136 3.758125358450744 4080
137 3.759988898041993 4110
138 3.761592437586903 4140
139 3.762981473446771 4170
140 3.764187649866768 4200
141 3.659453310999895 4230
142 3.643999748903846 4260
143 3.635573954996552 4290
144 3.62966524192665 4320
145 3.624806509277194 4350
146 3.620501135322313 4380
147 3.616564211582615 4410
148 3.612912945950054 4440
149 3.609499718180456 4470
150 3.606290455713529 4500
151 3.708868202810561 4530
152 3.721968677300828 4560
153 3.728114387963706 4590
154 3.731815602832956 4620
155 3.734519417406624 4650
156 3.736709346498148 4680
157 3.738563131941586 4710
158 3.740159289210465 4740
159 3.741542300027828 4770
160 3.742743366192105 4800
161 3.63816272261977 4830
162 3.623079406292628 4860
163 3.614976683104075 4890
164 3.609327734981076 4920
165 3.604676328835141 4950
166 3.600532363906887 4980
167 3.596710671449006 5010
168 3.593123104763586 5040
169 3.589712677011871 5070
170 3.586432026307173 5100
171 3.690162404573411 5130
172 3.703123224091389 5160
173 3.709122104723454 5190
174 3.712746566859464 5220
175 3.715416940072426 5250
176 3.71759315432941 5280
177 3.719441072867762 5310
178 3.721034191833348 5340
179 3.7224150696709 5370
180 3.723614247960333 5400
181 3.617758706171099 5430
182 3.602528448913767 5460
183 3.594154596384303 5490
184 3.587978747045803 5520
185 3.582513757228334 5550
186 3.577222197263761 5580
187 3.571836685850224 5610
188 3.566147153561497 5640
189 3.559926272489813 5670
190 3.552891792539309 5700
191 3.664867799800743 5730
192 3.67874354865757 5760
193 3.684948672679544 5790
194 3.688650390492948 5820
195 3.69137515084234 5850
196 3.693596636595223 5880
197 3.695480930774757 5910
198 3.69710159315071 5940
199 3.69850211102511 5970
200 3.699714312449316 6000
201 3.581299808047699 6030
202 3.558501655851464 6060
203 3.540848186744642 6090
204 3.522224516639887 6120
205 3.499619669702249 6150
206 3.470238219473109 6180
207 3.4301038169547 6210
208 3.372425112336861 6240
209 3.283960486662568 6270
210 3.13309337549259 6300
